960
66
186
1343
1721
1458
1648
227
823
1857
290
903
658
198
1366
1471
1364
575
1682
181
577
969
1023
1256
1820
1835
546
793
1338
1188
553
94
481
245
1922
1394
663
200
1437
1725
1677
1348
1894
827
13
1169
761
303
1271
1714
165
1300
884
1343
361
1979
1252
1026
572
1813
1775
1905
1291
931
1965
1368
833
600
149
1263
1719
340
890
419
280
1004
1732
97
581
1000
447
1715
684
990
1494
1361
1546
1898
1495
949
1288
1489
1254
1394
1386
607
1108
8
1126
1529
702
1379
957
648
115
1276
1010
608
950
88
1864
1710
1516
1084
1945
1418
1404
1698
642
1750
204
113
1989
518
1622
1031
589
299
49
663
72
693
186
1193
1803
820
629
1001
1421
941
1916
800
224
1521
560
880
80
1400
1848
97
1891
1750
682
461
1864
38
422
322
1581
1466
1606
683
128
663
1092
1985
1414
1904
1084
973
609
344
220
873
1698
913
1389
66
473
1620
1733
127
1597
1417
285
403
1106
587
1077
1253
587
1052
1316
394
44
291
3
1055
478
1363
1026
376
1684
41
46
1471
1808
1419
1758
506
520
1654
1425
1835
1110
58
86
376
1101
1212
1460
1103
1601
673
1408
302
117
519
1461
981
1054
830
964
182
68
1642
246
827
223
1992
1880
402
1582
1558
1565
891
567
1735
1694
1978
1313
672
476
332
243
1705
503
1590
1366
1953
764
1364
622
1934
1079
1152
1084
709
1596
1096
1072
987
444
782
516
1517
1423
1468
1159
1443
1545
1985
1058
1139
652
769
511
1919
761
726
289
1760
309
1637
117
1629
1864
901
583
185
718
1040
81
1473
670
240
1321
1753
790
777
666
1520
1853
1047
1808
1112
453
111
1599
1844
285
1396
610
427
872
475
826
250
1944
823
476
549
702
1127
256
640
1063
1721
1418
852
78
658
588
1978
686
1236
966
467
253
382
1847
1104
372
1598
929
573
555
46
1737
1544
199
1421
111
1660
693
834
1445
287
124
762
1279
1378
398
1388
1306
1349
1949
1745
1629
549
1227
1727
556
535
487
117
1410
1911
1503
1900
1809
815
1929
539
1233
1127
131
1824
1419
391
1430
1105
1573
473
1653
395
1681
935
1092
1813
1221
219
1207
1720
120
925
657
1787
1502
1543
1466
83
217
60
1577
213
1122
667
1595
559
1629
908
1359
1028
822
893
1783
142
1339
605
1659
562
1750
240
1784
1779
851
1253
802
1093
1337
1179
1505
1101
966
374
893
1159
72
1009
775
1688
296
323
371
166
265
1817
212
1068
1567
1892
1846
175
282
1801
661
1467
1585
1678
1789
791
1599
1764
947
887
1642
1094
1896
1694
864
1003
804
1722
1362
1453
309
1198
1651
265
195
324
1594
1108
1536
604
485
1809
1715
288
433
170
1476
667
650
905
1169
751
1932
1204
235
157
483
922
101
298
1300
528
1071
873
772
443
1238
69
841
1768
1429
1568
683
1724
1638
1133
1616
1797
1443
291
1394
50
1574
33
1356
1421
5
1796
1901
1064
342
9
1934
351
1758
1746
1357
1506
1024
181
1834
732
406
1905
1141
411
925
1364
1170
1022
1778
1841
277
1351
1307
776
396
1845
19
1175
1048
1285
986
245
1070
1132
328
821
708
1215
1855
750
1932
1997
161
1587
1416
1287
568
30
794
1165
52
1186
151
970
818
879
1565
745
1522
1422
243
497
1202
1975
434
930
1577
1944
259
953
968
1455
502
1288
1981
606
1155
1605
732
289
775
275
1979
1929
1373
1877
147
1640
759
1806
292
1682
1466
493
201
1054
307
311
598
503
1674
1605
379
1928
207
486
1827
454
13
1925
862
1814
768
430
790
1151
168
1638
731
705
180
205
1358
942
1470
1234
72
1096
857
1301
1949
374
1553
361
600
464
139
333
572
812
1201
1799
422
1425
492
495
567
19
593
1592
1672
621
1524
685
443
1735
708
790
105
1986
1932
1569
1801
1647
1849
890
33
604
1893
770
829
1504
981
1135
530
1463
787
138
635
1779
403
1403
932
1608
1588
214
169
469
1600
1228
1111
1491
606
1378
1828
542
277
835
421
1272
797
325
733
403
404
1652
1582
1326
1414
359
522
938
221
1826
177
81
227
152
1049
965
1373
580
818
137
1531
905
124
1884
56
1257
575
88
1692
463
732
1943
739
1369
593
464
1076
407
1622
1462
661
499
175
1987
594
424
1434
900
1919
850
1979
1850
1749
1974
674
923
648
721
525
1798
1229
1354
1392
248
960
763
1934
1726
1239
1515
472
1193
1898
1920
1020
1411
168
1809
1412
99
1219
508
102
1875
991
116
992
1611
359
585
1666
1697
924
1448
1415
1456
20
1979
1840
606
1386
282
1671
613
1242
4
764
1831
1050
304
1999
1323
1251
1796
52
1317
235
981
1704
546
195
900
133
1511
1971
129
1962
37
1093
1934
1341
854
927
69
841
1847
1492
1618
600
502
3
1242
1283
1643
705
1408
1841
1600
1583
215
1774
1463
1382
995
700
1670
1571
194
1147
1144
1252
1757
318
958
130
1638
297
982
1191
1641
1195
342
965
206
1711
649
1266
1571
1239
1162
1410
1314
1508
578
1631
457
9
581
1433
749
131
77
962
1779
1865
81
1889
1809
1641
840
351
1220
596
869
1936
1156
964
727
1122
1512
636
1441
291
1178
100
237
637
952
666
188
1989
1709
1866
678
1784
1844
1806
1594
1949
185
1719
747
1790
1129
1918
665
756
268
